0.014710
-0.199883
-0.410141
-0.556137
-0.113096
0.395500
0.218800
0.373392
-0.606349
0.299647
-0.113394
0.138009
-0.245290
0.200117
0.349858
0.333863
-0.233096
-0.004500
0.058800
-0.366607
0.013651
0.059647
-0.363395
0.318010
-0.185290
-0.279883
-0.000142
-0.156137
0.256904
0.295500
-0.031200
-0.166607
-0.676349
0.319647
0.056605
0.098010
0.604710
0.100117
0.459858
-0.346137
0.176904
-0.084500
0.158800
-0.036607
0.283651
-0.030353
-0.113395
-0.431990
0.084710
0.610117
0.179858
-0.506137
0.236904
-0.344500
-0.041200
-0.376607
0.683651
0.179647
0.476605
-0.791990
-0.225290
